0 0.093571
1 0.099187
2 0.088532
3 0.087947
4 0.088075
5 0.088684
6 0.084870
7 0.087638
8 0.083167
9 0.092009
10 0.084327
11 0.086150
12 0.087429
13 0.089282
14 0.086689
15 0.096758
16 0.094887
17 0.091511
18 0.087377
19 0.091458
20 0.089583
21 0.087122
22 0.092946
23 0.093149
24 0.088402
25 0.089097
26 0.083089
27 0.084486
28 0.085788
29 0.093058
30 0.090373
31 0.091644
32 0.088075
33 0.088064
34 0.083191
35 0.090267
36 0.086277
37 0.086827
38 0.093749
39 0.085347
40 0.091594
41 0.082900
42 0.083079
43 0.090274
44 0.084752
45 0.087949
46 0.087985
47 0.086851
48 0.084726
49 0.089139
50 0.099581
51 0.093436
52 0.091886
53 0.099978
54 0.097149
55 0.085977
56 0.088093
57 0.094641
58 0.085779
59 0.092858
60 0.086638
61 0.083211
62 0.084040
63 0.088113
64 0.086869
65 0.088542
66 0.090640
67 0.087405
68 0.094873
69 0.087166
70 0.084724
71 0.095937
72 0.096003
73 0.093276
74 0.101103
75 0.090908
76 0.092219
77 0.094388
78 0.089133
79 0.098345
80 0.088878
81 0.090283
82 0.091705
83 0.097720
84 0.087481
85 0.091127
86 0.091664
87 0.097294
88 0.088140
89 0.093020
90 0.090418
91 0.094340
92 0.090792
93 0.088094
94 0.090289
95 0.090514
96 0.089235
97 0.090540
98 0.087310
99 0.089000
100 0.093595
101 0.089266
102 0.096692
103 0.095448
104 0.095854
105 0.084304
106 0.087080
107 0.088659
108 0.095683
109 0.092994
110 0.084480
111 0.094612
112 0.087442
113 0.097342
114 0.087171
115 0.091471
116 0.082650
117 0.084590
118 0.082553
119 0.090180
120 0.083668
121 0.083898
122 0.089015
123 0.084392
124 0.086877
125 0.100147
126 0.088994
127 0.092316
128 0.098443
129 0.087645
130 0.085068
131 0.093520
132 0.099603
133 0.085791
134 0.085468
135 0.082590
136 0.090785
137 0.094649
138 0.083672
139 0.087307
140 0.084006
141 0.086089
142 0.094598
143 0.092036
144 0.097486
145 0.089214
146 0.090821
147 0.094184
148 0.086061
149 0.090512
150 0.083480
151 0.089336
152 0.091112
153 0.094181
154 0.083746
155 0.082952
156 0.093319
157 0.082156
158 0.096629
159 0.087657
160 0.086606
161 0.092778
162 0.096312
163 0.083820
164 0.094770
165 0.089602
166 0.093311
167 0.092195
168 0.088545
169 0.084371
170 0.092792
171 0.092384
172 0.086169
173 0.099836
174 0.088454
175 0.085037
176 0.086658
177 0.090265
178 0.087236
179 0.096368
180 0.092125
181 0.084430
182 0.085493
183 0.090926
184 0.083192
185 0.087394
186 0.085301
187 0.095447
188 0.085966
189 0.102611
190 0.085808
191 0.091276
192 0.088708
193 0.093393
194 0.089817
195 0.088490
196 0.087096
197 0.085327
198 0.094663
199 0.093797
200 0.089389
201 0.084172
202 0.086810
203 0.090904
204 0.083570
205 0.084152
206 0.087288
207 0.085500
208 0.087848
209 0.091881
210 0.087399
211 0.087295
212 0.086186
213 0.092691
214 0.084818
215 0.083401
216 0.086324
217 0.084568
218 0.084565
219 0.086043
220 0.085715
221 0.087034
222 0.083136
223 0.082754
224 0.084328
225 0.081921
226 0.086228
227 0.086220
228 0.087654
229 0.085758
230 0.091854
231 0.085423
232 0.093067
233 0.087236
234 0.083896
235 0.083520
236 0.083711
237 0.088499
238 0.087900
239 0.088166
240 0.086157
241 0.081876
242 0.088815
243 0.083272
244 0.089179
245 0.089818
246 0.093919
247 0.091911
248 0.084861
249 0.086837
250 0.083880
251 0.084664
252 0.084903
253 0.087059
254 0.087394
255 0.085534
256 0.099869
257 0.092788
258 0.082320
259 0.084077
260 0.082058
261 0.089187
262 0.084840
263 0.082540
264 0.086230
265 0.094351
266 0.085900
267 0.088006
268 0.087819
269 0.084063
270 0.089362
271 0.085468
272 0.082068
273 0.092856
274 0.087271
275 0.083696
276 0.085932
277 0.084469
278 0.083245
279 0.087877
280 0.089534
281 0.085497
282 0.091439
283 0.090027
284 0.086124
285 0.097623
286 0.089163
287 0.084021
288 0.083370
289 0.086526
290 0.084012
291 0.085208
292 0.088669
293 0.086519
294 0.095420
295 0.085625
296 0.082848
297 0.091449
298 0.092509
299 0.091676
300 0.086716
301 0.090757
302 0.087257
303 0.085841
304 0.091813
305 0.091977
306 0.088415
307 0.087931
308 0.092113
309 0.092712
310 0.092479
311 0.088786
312 0.090726
313 0.087074
314 0.097113
315 0.101340
316 0.091134
317 0.087662
318 0.090497
319 0.092314
320 0.086564
321 0.093421
322 0.088561
323 0.087656
324 0.086802
325 0.091368
326 0.083911
327 0.093229
328 0.098033
329 0.083725
330 0.093035
331 0.086604
332 0.095497
333 0.088917
334 0.085151
335 0.083455
336 0.082839
337 0.083321
338 0.086017
339 0.090674
340 0.101137
341 0.087541
342 0.089833
343 0.083891
344 0.095326
345 0.087121
346 0.088327
347 0.089537
348 0.083568
349 0.091273
350 0.086888
351 0.084819
352 0.084182
353 0.087446
354 0.082880
355 0.086192
356 0.084523
357 0.089638
358 0.084688
359 0.084719
360 0.083999
361 0.084833
362 0.084173
363 0.087456
364 0.090542
365 0.086534
366 0.087922
367 0.090315
368 0.087916
369 0.088419
370 0.096584
371 0.093581
372 0.087913
373 0.086851
374 0.089425
375 0.086938
376 0.083134
377 0.092064
378 0.089910
379 0.085292
380 0.086993
381 0.089149
382 0.096284
383 0.088397
384 0.095649
385 0.088008
386 0.084975
387 0.089422
388 0.095274
389 0.091935
390 0.090148
391 0.089848
392 0.088269
393 0.086533
394 0.091900
395 0.094042
396 0.095661
397 0.089668
398 0.094684
399 0.093095
